0.8442087745893075
0.8882987650913808
0.4262486727856596
0.503350967341596
0.3580971742404516
0.6082506354058722
0.643730998861568
0.8343855091050267
0.33366216833526086
0.14858802901276869
0.021696592296089112
0.6764302881745522
0.6360729232326665
0.7610971075183111
0.3505018971339209
0.11524512886445204
0.16115644856941025
0.34040410381205966
0.6719419907820158
0.05377725800226918
0.9317574441421436
0.29516051972288526
0.909547245331771
0.6624362872677992
0.3053243648287691
0.9082829713357652
0.7108719964381528
0.009465098704558805
0.20513220335493676
0.6863524838155957
0.1767109667339124
0.5447251789737506
0.07828741865341715
0.8196759435737796
0.5827875906732825
0.8889423871846702
0.9862708538107655
0.9108436699239862
0.5327161863863491
0.5125035302901432
0.021616755463003456
0.27450607807203553
0.9434780140172562
0.6147660766958654
0.5907985076403214
0.635933275572718
0.5646086770128205
0.7834748707059311
0.3503098948990826
0.4334623798033175
0.9240762721647315
0.110388151798951
0.27431963433715756
0.8383175332104197
0.034628685144285964
0.3756186608747306
0.6566259400060431
0.5725771499759748
0.526772203999592
0.4704304521072541
0.8153113241800725
0.5160833449397988
0.6987906481097993
0.44293909589817393
0.21530124810314588
0.46841370300106266
0.012458874434806866
0.5733557364863526
0.3340814916141861
0.9159313705476687
0.014750915259665875
0.0826987826216844
0.46893761208705176
0.6734576724987007
0.635608078319622
0.8836024231439985
0.8196575978791458
0.37181056589491135
0.7234094242301855
0.4487840268157053
0.7300965062832788
0.38854420081837726
0.8849746362795267
0.30634255213049044
0.2517814522161165
0.5207292588861538
0.6136956562957678
0.008831161729862758
0.19997529782898738
0.6486692697676688
0.181029873950888
0.2622674443847496
0.06369853743504417
0.20686997397004847
0.6476941245054774
0.025232412391518744
0.3615866644441984
0.4660579005610249
0.7358735963209818
0.9787576665368758
