477
363
327
328
375
489
-57
593
788
836
75
273
263
407
655
17
610
664
-39
588
180
31
280
-27
71
256
324
43
386
145
324
-23
335
40
700
941
923
174
737
-65
198
463
537
419
376
355
190
822
967
865
391
-69
105
649
437
111
388
525
736
940
143
438
596
682
921
192
906
912
677
-64
745
941
605
164
152
63
979
889
754
446
43
-49
461
62
391
951
661
979
290
168
991
880
-72
138
-59
71
331
167
235
212
492
476
428
432
55
625
261
155
766
189
-29
460
71
176
695
90
523
768
583
339
537
910
32
892
840
952
861
540
880
546
617
905
461
245
227
607
438
-16
45
113
646
687
252
618
-58
563
216
985
2
-52
377
706
116
261
242
482
453
495
794
9
29
-60
538
588
403
844
807
482
324
490
151
744
867
949
782
299
407
-68
728
543
850
961
-54
287
928
803
579
660
557
179
714
922
944
320
885
140
831
951
863
844
344
152
253
115
596
18
241
268
302
500
229
164
371
133
787
618
100
10
365
364
737
583
937
416
395
751
519
-17
348
599
779
667
554
324
681
639
550
545
841
-21
810
518
266
302
550
575
19
972
215
-2
67
540
527
239
940
5
813
495
448
986
44
14
528
790
144
189
403
154
465
634
470
101
885
1000
548
165
929
119
342
668
505
162
213
594
338
686
872
419
99
488
60
683
145
685
270
577
624
658
479
-31
855
771
-24
115
-49
4
338
61
568
378
-1
558
591
-5
717
76
716
552
485
227
512
-51
-65
529
941
591
875
-5
246
770
798
68
185
52
222
208
586
32
300
667
985
-51
-63
753
56
106
973
634
188
397
560
500
207
450
122
939
111
-57
423
196
725
-59
132
326
305
270
622
177
226
878
394
584
191
254
957
375
550
470
22
112
394
574
631
26
122
422
139
797
187
534
468
251
324
-34
108
52
77
374
548
84
714
988
403
888
397
237
699
97
802
452
804
-12
317
649
747
331
220
575
642
725
346
10
224
899
199
25
609
682
316
358
136
171
680
775
421
552
644
521
-24
193
601
656
352
700
297
79
77
918
760
756
116
737
79
647
688
-35
682
960
448
445
889
360
870
168
553
518
413
106
419
134
864
950
496
700
413
832
600
-53
603
-17
143
983
424
597
588
988
730
185
-59
247
606
688
267
-43
599
536
825
974
96
745
